void CovariancePlotter()
{
  bool doCTag = false;

  int nBins = 20;
  std::vector<std::vector<double>> covs;
  // double covs[nBins][nBins];

  if(doCTag)
    {
      covs = {{20.77061219, 20.80219949, 20.78558355, 20.72245971, 20.61453966, 20.46355017,
          20.27123177, 20.03933741, 19.76963121, 19.46388709, 19.12388749, 18.75142201,
          18.34828613, 17.91627987, 17.45720644, 16.972871, 16.46507927, 15.93563625,
          15.38634494, 14.819005},
              {20.80219949, 20.85555063, 20.8598325, 20.81672165, 20.72791265, 20.59511674,
               20.42006064, 20.20448515, 19.95014395, 19.65880221, 19.33223532, 18.97222761,
               18.58057096, 18.15906353, 17.70950844, 17.23371246, 16.73348468, 16.2106352,
               15.66697383, 15.10430879},
              {20.78558355, 20.8598325, 20.88434273, 20.86076534, 20.790771, 20.67604867,
               20.51830436, 20.31925983, 20.08065134, 19.80422832, 19.49175213, 19.14499468,
               18.76573721, 18.35576893, 17.91688573, 17.45088888, 16.9595837, 16.44477827,
               15.90828211, 15.3519049},
              {20.72245971, 20.81672165, 20.86076534, 20.85621021, 20.80469674, 20.70788527,
               20.56745469, 20.38510124, 20.16253724, 19.9014898, 19.60369958, 19.27091949,
               18.90491339, 18.50745483, 18.08032572, 17.62531505, 17.14421763, 16.63883271,
               16.11096274, 15.56241206},
              {20.61453966, 20.72791265, 20.790771, 20.80469674, 20.77129438, 20.69218967,
               20.56902844, 20.40347537, 20.1972127, 19.95193911, 19.66936832, 19.35122797,
               18.99925825, 18.61521068, 18.20084685, 17.75793706, 17.28825915, 16.79359712,
               16.27573989, 15.73648001},
              {20.46355017, 20.59511674, 20.67604867, 20.70788527, 20.69218967, 20.63054762,
               20.52456632, 20.37587325, 20.18611496, 19.95695586, 19.69007699, 19.38717481,
               19.04995994, 18.68015591, 18.27949793, 17.84973163, 17.39261177, 16.909901,
               16.40336856, 15.87478906},
              {20.27123177, 20.42006064, 20.51830436, 20.56745469, 20.56902844, 20.52456632,
               20.43563179, 20.30380995, 20.13070636, 19.91794583, 19.6671713, 19.38004259,
               19.05823519, 18.70343906, 18.31735742, 17.90170547, 17.4582092, 16.98860412,
               16.49463401, 15.97804968},
              {20.03933741, 20.20448515, 20.31925983, 20.38510124, 20.40347537, 20.37587325,
               20.30380995, 20.1888234, 20.03247328, 19.8363399, 19.60202306, 19.33114083,
               19.02532844, 18.68623706, 18.31553261, 17.91489456, 17.48601471, 17.03059601,
               16.55035129, 16.04700205},
              {19.76963121, 19.95014395, 20.08065134, 20.16253724, 20.1972127, 20.18611496,
               20.13070636, 20.03247328, 19.8929251, 19.71359306, 19.49602917, 19.2418051,
               18.95251099, 18.62975437, 18.27515894, 17.89036345, 17.4770205, 17.03679534,
               16.57136469, 16.08241556},
              {19.46388709, 19.65880221, 19.80422832, 19.9014898, 19.95193911, 19.95695586,
               19.91794583, 19.8363399, 19.71359306, 19.55118332, 19.35061067, 19.11339602,
               18.84108004, 18.5352221, 18.19739915, 17.82920455, 17.432247, 17.00814928,
               16.55854719, 16.08508833},
              {19.12388749, 19.33223532, 19.49175213, 19.60369958, 19.66936832, 19.69007699,
               19.6671713, 19.60202306, 19.49602917, 19.35061067, 19.16721167, 18.94729833,
               18.6923578, 18.4038972, 18.08344248, 17.73253734, 17.35274218, 16.94563291,
               16.51279987, 16.0558467},
              {18.75142201, 18.97222761, 19.14499468, 19.27091949, 19.35122797, 19.38717481,
               19.38004259, 19.33114083, 19.2418051, 19.11339602, 18.94729833, 18.74491987,
               18.5076906, 18.23706156, 17.93450386, 17.60150761, 17.23958085, 16.85024852,
               16.43505132, 15.99554464},
              {18.34828613, 18.58057096, 18.76573721, 18.90491339, 18.99925825, 19.04995994,
               19.05823519, 19.02532844, 18.95251099, 18.84108004, 18.6923578, 18.5076906,
               18.28844783, 18.03602107, 17.75182305, 17.43728665, 17.09386391, 16.72302495,
               16.32625699, 15.90506323},
              {17.91627987, 18.15906353, 18.35576893, 18.50745483, 18.61521068, 18.68015591,
               18.70343906, 18.68623706, 18.62975437, 18.5352221, 18.4038972, 18.23706156,
               18.03602107, 17.80210474, 17.53666374, 17.24107047, 16.91671755, 16.56501686,
               16.18739856, 15.78531003},
              {17.45720644, 17.70950844, 17.91688573, 18.08032572, 18.20084685, 18.27949793,
               18.31735742, 18.31553261, 18.27515894, 18.19739915, 18.08344248, 17.93450386,
               17.75182305, 17.53666374, 17.29031272, 17.01407892, 16.70929253, 16.37730404,
               16.01948329, 15.63721852},
              {16.972871, 17.23371246, 17.45088888, 17.62531505, 17.75793706, 17.84973163,
               17.90170547, 17.91489456, 17.89036345, 17.82920455, 17.73253734, 17.60150761,
               17.43728665, 17.24107047, 17.01407892, 16.75755488, 16.47276336, 16.16099063,
               15.8235433, 15.46174742},
              {16.46507927, 16.73348468, 16.9595837, 17.14421763, 17.28825915, 17.39261177,
               17.4582092, 17.48601471, 17.4770205, 17.432247, 17.35274218, 17.23958085,
               17.09386391, 16.91671755, 16.70929253, 16.47276336, 16.20832747, 15.91720438,
               15.60063486, 15.25988005},
              {15.93563625, 16.2106352, 16.44477827, 16.63883271, 16.79359712, 16.909901,
               16.98860412, 17.03059601, 17.03679534, 17.00814928, 16.94563291, 16.85024852,
               16.72302495, 16.56501686, 16.37730404, 16.16099063, 15.91720438, 15.64709587,
               15.3518377, 15.03262368},
              {15.38634494, 15.66697383, 15.90828211, 16.11096274, 16.27573989, 16.40336856,
               16.49463401, 16.55035129, 16.57136469, 16.55854719, 16.51279987, 16.43505132,
               16.32625699, 16.18739856, 16.01948329, 15.8235433, 15.60063486, 15.3518377,
               15.07825424, 14.78100882},
              {14.819005, 15.10430879, 15.3519049, 15.56241206, 15.73648001, 15.87478906,
               15.97804968, 16.04700205, 16.08241556, 16.08508833, 16.0558467, 15.99554464,
               15.90506323, 15.78531003, 15.63721852, 15.46174742, 15.25988005, 15.03262368,
               14.78100882, 14.50608852}};
    }
  else
    { 
      covs = {{255.44780651, 254.3048664, 252.49388074, 250.05100024, 247.01215674,
          243.4130292, 239.2890093, 234.67516773, 229.60622004, 224.11649468,
          218.23989995, 212.00989167, 205.45944224, 198.62100877, 191.52650392,
          184.20726472, 176.69402442, 169.01688327, 161.20528123, 153.28797049},
              {254.3048664, 253.53583602, 252.09554202, 250.01860479, 247.33949377,
               244.09249408, 240.3116737, 236.0308496, 231.28355615, 226.10301215,
               220.52208928, 214.57328086, 208.28867054, 201.69990173, 194.83814787,
               187.73408263, 180.41785106, 172.91904163, 165.26665754, 157.48909054},
              {252.49388074, 252.09554202, 251.02551429, 249.31674117, 247.00208394,
               244.11428878, 240.68595491, 236.74950295, 232.33714326, 227.48084418,
               222.21230179, 216.5629086, 210.56372367, 204.24544207, 197.63836652,
               190.77237738, 183.67690407, 176.38089787, 168.91280351, 161.30053273},
              {250.05100024, 250.01860479, 249.31674117, 247.97654842, 246.02915121,
               243.50562841, 240.43698373, 236.85411364, 232.78777744, 228.26856778,
               223.32687905, 217.99287961, 212.29648062, 206.26730772, 199.93467217,
               193.32754221, 186.47451525, 179.4037902, 172.14314003, 164.71988545},
              {247.01215674, 247.33949377, 247.00208394, 246.02915121, 244.44997251,
               242.29384906, 239.59007659, 236.36791612, 232.65656518, 228.48512792,
               223.88258747, 218.87777623, 213.49934771, 207.77574886, 201.73519065,
               195.40562217, 188.81470176, 181.9897707, 174.9578265, 167.74549627},
              {243.4130292, 244.09249408, 244.11428878, 243.50562841, 242.29384906,
               240.50637837, 238.17070921, 235.31437042, 231.96490055, 228.14981917,
               223.89659975, 219.23264177, 214.18524381, 208.78157581, 203.04865245,
               197.01330595, 190.70215975, 184.14160184, 177.35775884, 170.37647032},
              {239.2890093, 240.3116737, 240.68595491, 240.43698373, 239.59007659,
               238.17070921, 236.2044903, 233.71713622, 230.73444328, 227.28226355,
               223.38647674, 219.07296468, 214.36758565, 209.29614722, 203.88438151,
               198.15791771, 192.14225808, 185.86275127, 179.34456724, 172.61267191},
              {234.67516773, 236.0308496, 236.74950295, 236.85411364, 236.36791612,
               235.31437042, 233.71713622, 231.60004904, 228.9870958, 225.90239039,
               222.37014795, 218.41466072, 214.06027275, 209.33135593, 204.25228364,
               198.84740746, 193.14103151, 187.15738801, 180.92061257, 174.45472046},
              {229.60622004, 231.28355615, 232.33714326, 232.78777744, 232.65656518,
               231.96490055, 230.73444328, 228.9870958, 226.74498018, 224.03041503,
               220.86589267, 217.27405541, 213.27767229, 208.89961541, 204.16283608,
               199.09034185, 193.70517195, 188.03037465, 182.08898254, 175.90399011},
              {224.11649468, 226.10301215, 227.48084418, 228.26856778, 228.48512792,
               228.14981917, 227.28226355, 225.90239039, 224.03041503, 221.68681714,
               218.89231999, 215.6678674, 212.03460291, 208.0138467, 203.62707434,
               198.8958933, 193.84202079, 188.48726195, 182.85348648, 176.96260572},
              {218.23989995, 220.52208928, 222.21230179, 223.32687905, 223.88258747,
               223.89659975, 223.38647674, 222.37014795, 220.86589267, 218.89231999,
               216.46834898, 213.6131888, 210.34631765, 206.68746309, 202.65657962,
               198.27382941, 193.55955963, 188.53428201, 183.21865019, 177.63344011},
              {212.00989167, 214.57328086, 216.5629086, 217.99287961, 218.87777623,
               219.23264177, 219.07296468, 218.41466072, 217.27405541, 215.6678674,
               213.6131888, 211.12746766, 208.22848873, 204.93435455, 201.26346575,
               197.23450176, 192.86640043, 188.17833847, 183.18971016, 177.92010823},
              {205.45944224, 208.28867054, 210.56372367, 212.29648062, 213.49934771,
               214.18524381, 214.36758565, 214.06027275, 213.27767229, 212.03460291,
               210.34631765, 208.22848873, 205.69718844, 202.76887337, 199.4603652,
               195.78883325, 191.77177549, 187.42700012, 182.77260591, 177.82696365},
              {198.62100877, 201.69990173, 204.24544207, 206.26730772, 207.77574886,
               208.78157581, 209.29614722, 209.33135593, 208.89961541, 208.0138467,
               206.68746309, 204.93435455, 202.76887337, 200.20581776, 197.26041507,
               193.94830583, 190.28552612, 186.28849029, 181.97397287, 177.35909119},
              {191.52650392, 194.83814787, 197.63836652, 199.93467217, 201.73519065,
               203.04865245, 203.88438151, 204.25228364, 204.16283608, 203.62707434,
               202.65657962, 201.26346575, 199.4603652, 197.26041507, 194.67724205,
               191.7249475, 188.41809152, 184.77167732, 180.80113429, 176.52230132},
              {184.20726472, 187.73408263, 190.77237738, 193.32754221, 195.40562217,
               197.01330595, 198.15791771, 198.84740746, 199.09034185, 198.8958933,
               198.27382941, 197.23450176, 195.78883325, 193.94830583, 191.7249475,
               189.13131837, 186.18049675, 182.88606474, 179.26209218, 175.32312271},
              {176.69402442, 180.41785106, 183.67690407, 186.47451525, 188.81470176,
               190.70215975, 192.14225808, 193.14103151, 193.70517195, 193.84202079,
               193.55955963, 192.86640043, 191.77177549, 190.28552612, 188.41809152,
               186.18049675, 183.58433982, 180.64177885, 177.36551801, 173.7687938},
              {169.01688327, 172.91904163, 176.38089787, 179.4037902, 181.9897707,
               184.14160184, 185.86275127, 187.15738801, 188.03037465, 188.48726195,
               188.53428201, 188.17833847, 187.42700012, 186.28849029, 184.77167732,
               182.88606474, 180.64177885, 178.04955853, 175.12074203, 171.86725448},
              {161.20528123, 165.26665754, 168.91280351, 172.14314003, 174.9578265,
               177.35775884, 179.34456724, 180.92061257, 182.08898254, 182.85348648,
               183.21865019, 183.18971016, 182.77260591, 181.97397287, 180.80113429,
               179.26209218, 177.36551801, 175.12074203, 172.53774308, 169.62713659},
              {153.28797049, 157.48909054, 161.30053273, 164.71988545, 167.74549627,
               170.37647032, 172.61267191, 174.45472046, 175.90399011, 176.96260572,
               177.63344011, 177.92010823, 177.82696365, 177.35909119, 176.52230132,
               175.32312271, 173.7687938, 171.86725448, 169.62713659, 167.05775432}};
    }

  TH2D *hist = new TH2D("hist", ";m_{#gamma#gamma} [GeV];m_{#gamma#gamma} [GeV]; Covariance", nBins, 120., 130., nBins, 120., 130.);

  for(int i=0; i<nBins; i++)
    for(int ii=0; ii<nBins; ii++)
      {
        hist->SetBinContent(i+1, ii+1, covs[i][ii]);
      }

  TCanvas *canvas = new TCanvas("canvas", "", 600, 600);
  canvas->SetTopMargin(0.125);
  canvas->SetBottomMargin(0.175);
  canvas->SetLeftMargin(0.15);
  canvas->SetRightMargin(0.15);
  hist->Draw("colz");
  hist->SetStats(0);
  hist->SetTitle("");
  hist->GetXaxis()->SetTitleOffset(1.5);
  hist->GetYaxis()->SetTitleOffset(1.5);
  hist->GetZaxis()->SetTitleOffset(1.25);
  
  TLatex *latex = new TLatex();
  latex->SetTextSize(0.035);
  latex->SetNDC();
  latex->DrawLatex(0.22,0.37,"#it{ATLAS} #bf{Internal}");
  latex->DrawLatex(0.22,0.32,"#bf{#sqrt{s}=13 TeV, 140 fb^{-1}}");
  if(doCTag) latex->DrawLatex(0.22,0.27,"#bf{#it{c}-tag signal region}");
  else latex->DrawLatex(0.22,0.27,"#bf{Non-#it{c}-tag signal region}");

  TString name = "GPRCovariance";
  if(doCTag) name += "CTag.png";
  else name += "NonCTag.png";

  canvas->SaveAs(name);
}
