import numpy as np

doCTag = True

if doCTag:

    means = np.array([475.87932245, 469.1068448, 462.42032786, 455.82017255, 449.30673162, 442.88030994, 436.54116483, 430.28950645, 424.12549816, 418.04925698, 412.06085401, 406.16031494, 400.34762054, 394.62270725, 388.98546766, 383.4357512, 377.97336471, 372.59807307, 367.30959994, 362.10762837])

    covariances = np.array([22.20736549, 22.24571624, 22.23409107, 22.17413126, 22.06750171, 21.91588956, 21.72100287, 21.48456919, 21.20833417, 20.89406018, 20.54352484, 20.15851964, 19.74084847, 19.29232622, 18.81477731, 18.31003425, 17.77993619, 17.22632749, 16.65105624, 16.05597284, 22.24571624, 22.30725095, 22.31782669, 22.27907207, 22.19264081, 22.06021041, 21.88348081, 21.66417298, 21.40402754, 21.10480335, 20.76827615, 20.39623704, 19.99049115, 19.55285613, 19.08516075, 18.58924343, 18.06695077, 17.52013616, 16.95065825, 16.36037954, 22.23409107, 22.31782669, 22.34982453, 22.33169409, 22.26507141, 22.15161774, 21.99301817, 21.79098033, 21.54723294, 21.26352449, 20.94162177, 20.58330851, 20.19038396, 19.7646614, 19.30796676, 18.82213716, 18.30901944, 17.77046874, 17.20834699, 16.62452154, 22.17413126, 22.27907207, 22.33169409, 22.33358172, 22.28634717, 22.19162922, 22.05109184, 21.86642289, 21.63933274, 21.37155292, 21.06483472, 20.72094777, 20.3416787, 19.92882964, 19.48421685, 19.00966926, 18.50702703, 17.9781401, 17.42486675, 16.84907213, 22.06750171, 22.19264081, 22.26507141, 22.28634717, 22.25805078, 22.18179268, 22.05920983, 21.8919643, 21.68174202, 21.43025137, 21.13922188, 20.81040279, 20.44556169, 20.04648314, 19.61496722, 19.15282812, 18.66189271, 18.14399914, 17.60099533, 17.0347376, 21.91588956, 22.06021041, 22.15161774, 22.19162922, 22.18179268, 22.12368485, 22.01891006, 21.86909902, 21.67590745, 21.44101482, 21.16612299, 20.85295482, 20.50325288, 20.11877801, 19.70130796, 19.25263597, 18.77456937, 18.26892816, 17.7375436, 17.18225673, 21.72100287, 21.88348081, 21.99301817, 22.05109184, 22.05920983, 22.01891006, 21.93175915, 21.79935112, 21.6233062, 21.40526947, 21.14690957, 20.84991743, 20.51600487, 20.14690327, 19.74436222, 19.31014813, 18.84604284, 18.35384223, 17.8353548, 17.29240028, 21.48456919, 21.66417298, 21.79098033, 21.86642289, 21.8919643, 21.86909902, 21.79935112, 21.68427313, 21.52544473, 21.32447155, 21.08298389, 20.80263544, 20.48510196, 20.13207995, 19.74528537, 19.32645221, 18.87733123, 18.39968848, 17.89530401, 17.36597043, 21.20833417, 21.40402754, 21.54723294, 21.63933274, 21.68174201, 21.67590745, 21.6233062, 21.52544473, 21.38385759, 21.20010625, 20.97577783, 20.7124839, 20.41185915, 20.07556016, 19.70526407, 19.30266728, 18.8694841, 18.40744546, 17.91829749, 17.40380022, 20.89406018, 21.10480335, 21.26352449, 21.37155292, 21.43025137, 21.44101482, 21.40526947, 21.32447155, 21.20010624, 21.03368649, 20.82675179, 20.58086701, 20.29762116, 19.97862613, 19.62551545, 19.239943, 18.82358173, 18.37812235, 17.90527199, 17.40675291, 20.54352484, 20.76827615, 20.94162177, 21.06483472, 21.13922188, 21.16612299, 21.14690957, 21.08298389, 20.97577783, 20.82675179, 20.63739354, 20.40921705, 20.14376133, 19.8425892, 19.50728609, 19.13945881, 18.74073427, 18.31275824, 17.85719407, 17.37572137, 20.15851964, 20.39623704, 20.58330852, 20.72094777, 20.81040279, 20.85295482, 20.84991743, 20.80263544, 20.7124839, 20.58086702, 20.40921705, 20.19899324, 19.9516806, 19.66878884, 19.35185113, 19.00242296, 18.6220809, 18.21242136, 17.7750594, 17.31162743, 19.74084847, 19.99049115, 20.19038396, 20.3416787, 20.44556169, 20.50325288, 20.51600487, 20.48510196, 20.41185915, 20.29762116, 20.14376133, 19.9516806, 19.72280641, 19.45859159, 19.16051327, 18.83007167, 18.468789, 18.07820825, 17.659892, 17.21542121, 19.29232622, 19.55285613, 19.7646614, 19.92882964, 20.04648315, 20.11877801, 20.14690327, 20.13207995, 20.07556016, 19.97862613, 19.8425892, 19.66878884, 19.45859159, 19.21339005, 18.93460175, 18.6236681, 18.28205324, 17.91124296, 17.51274348, 17.08808037, 18.81477731, 19.08516075, 19.30796676, 19.48421685, 19.61496722, 19.70130796, 19.74436222, 19.74528537, 19.70526407, 19.62551545, 19.50728609, 19.35185113, 19.16051327, 18.93460175, 18.67547138, 18.38450145, 18.06309468, 17.71267617, 17.33469226, 16.93060944, 18.31003425, 18.58924342, 18.82213716, 19.00966926, 19.15282812, 19.25263597, 19.31014813, 19.32645221, 19.30266728, 19.239943, 19.13945881, 19.00242296, 18.83007167, 18.6236681, 18.38450145, 18.11388595, 17.81315984, 17.48368437, 17.12684274, 16.74403904, 17.77993619, 18.06695077, 18.30901944, 18.50702703, 18.66189271, 18.77456937, 18.84604284, 18.87733123, 18.8694841, 18.82358173, 18.74073427, 18.6220809, 18.468789, 18.28205324, 18.06309468, 17.81315984, 17.53351972, 17.2254689, 16.89032448, 16.52942509, 17.22632749, 17.52013616, 17.77046873, 17.9781401, 18.14399914, 18.26892816, 18.35384223, 18.39968848, 18.40744546, 18.37812235, 18.31275824, 18.21242136, 18.07820825, 17.91124296, 17.71267617, 17.48368437, 17.2254689, 16.9392551, 16.62629134, 16.28784806, 16.65105624, 16.95065825, 17.20834699, 17.42486675, 17.60099533, 17.7375436, 17.8353548, 17.89530401, 17.91829749, 17.90527199, 17.85719407, 17.7750594, 17.659892, 17.51274348, 17.33469226, 17.12684274, 16.89032448, 16.62629134, 16.33592061, 16.02041212, 16.05597284, 16.36037954, 16.62452154, 16.84907213, 17.0347376, 17.18225673, 17.29240028, 17.36597043, 17.40380022, 17.40675291, 17.37572137, 17.31162743, 17.21542121, 17.08808037, 16.93060944, 16.74403904, 16.52942509, 16.28784806, 16.02041212, 15.72824431])

    gprMeansData = np.array([472.61313425, 465.85051964, 459.18884687, 452.62764869, 446.16639354, 439.80449045, 433.54129358, 427.37610666, 421.30818711, 415.33674991, 409.46097135, 403.67999247, 397.99292236, 392.39884125, 386.89680341, 381.48583993, 376.16496125, 370.93315962, 365.78941133, 360.73267889])

    gprCovsData = np.array([23.69590321, 23.55403731, 23.35622995, 23.10601872, 22.80687707, 22.46220958, 22.07534776, 21.64954629, 21.18797981, 20.69374007, 20.1698336, 19.61917966, 19.04460866, 18.44886092, 17.83458567, 17.20434052, 16.56059103, 15.90571069, 15.24198109, 14.57159231, 23.55403731, 23.44319915, 23.27577109, 23.05519147, 22.78484448, 22.46805499, 22.10808395, 21.70812417, 21.27129669, 20.80064755, 20.29914496, 19.76967691, 19.21504916, 18.63798358, 18.0411168, 17.42699925, 16.79809441, 16.15677841, 15.50533985, 14.84597986, 23.35622995, 23.27577109, 23.13831646, 22.94719336, 22.70568486, 22.41702423, 22.08438994, 21.71090108, 21.29961333, 20.85351533, 20.37552545, 19.86848902, 19.33517596, 18.77827868, 18.20041043, 17.60410394, 16.99181031, 16.3658983, 15.72865377, 15.08227943, 23.10601872, 23.05519147, 22.94719336, 22.78523034, 22.57247383, 22.31205493, 22.00705896, 21.66052064, 21.2754196, 20.85467642, 20.40114906, 19.91762973, 19.4068421, 18.87143894, 18.31400006, 17.73703058, 17.14295958, 16.53413896, 15.9128426, 15.28126583, 22.80687707, 22.78484448, 22.70568486, 22.57247383, 22.38826204, 22.15606903, 21.87887757, 21.55962837, 21.20121543, 20.80648161, 20.37821484, 19.91914458, 19.43193874, 18.91920096, 18.38346826, 17.82720897, 17.25282104, 16.6626306, 16.05889086, 15.4437812, 22.46220958, 22.46805499, 22.41702423, 22.31205493, 22.15606903, 21.95196642, 21.70261893, 21.41086483, 21.07950383, 20.71129245, 20.3089398, 19.87510386, 19.41238804, 18.92333817, 18.41043979, 17.87611588, 17.32272481, 16.75255859, 16.16784153, 15.570729, 22.07534776, 22.10808395, 22.08438994, 22.00705896, 21.87887757, 21.70261893, 21.4810367, 21.21685926, 20.91278443, 20.57147457, 20.1955522, 19.78759586, 19.3501365, 18.88565414, 18.39657493, 17.88526857, 17.35404593, 16.80515717, 16.24078996, 15.66306812, 21.64954629, 21.70812417, 21.71090108, 21.66052064, 21.55962837, 21.41086483, 21.21685926, 20.98022367, 20.7035473, 20.38939154, 20.04028526, 19.65872048, 19.24714847, 18.80797622, 18.34356318, 17.85621844, 17.34819818, 16.82170341, 16.27887802, 15.72180713, 21.18797981, 21.27129669, 21.29961333, 21.2754196, 21.20121543, 21.07950383, 20.91278443, 20.7035473, 20.45426735, 20.16739898, 19.84537123, 19.49058326, 19.10540022, 18.69214948, 18.25311718, 17.79054517, 17.3066282, 16.80351147, 16.28328841, 15.74799884, 20.69374007, 20.80064755, 20.85351533, 20.85467642, 20.80648161, 20.71129245, 20.57147457, 20.38939154, 20.16739898, 19.90783912, 19.61303579, 19.2852897, 18.92687413, 18.54003096, 18.12696705, 17.68985094, 17.23080986, 16.75192702, 16.25523929, 15.74273501, 20.1698336, 20.29914496, 20.37552545, 20.40114906, 20.37821484, 20.3089398, 20.1955522, 20.04028526, 19.84537123, 19.61303579, 19.34549291, 19.04493999, 18.71355339, 18.3534843, 17.96685494, 17.55575508, 17.12223888, 16.668322, 16.19597903, 15.70714122, 19.61917966, 19.76967691, 19.86848902, 19.91762973, 19.91914458, 19.87510386, 19.78759586, 19.65872048, 19.49058326, 19.2852897, 19.04493999, 18.77162406, 18.46741697, 18.13437464, 17.77452992, 17.38988894, 16.9824278, 16.55408952, 16.10678131, 15.64237208, 19.04460866, 19.21504916, 19.33517596, 19.4068421, 19.43193874, 19.41238804, 19.3501365, 19.24714847, 19.10540022, 18.92687413, 18.71355339, 18.46741697, 18.19043489, 17.88456384, 17.55174317, 17.19389107, 16.81290112, 16.41063917, 15.98894036, 15.54960655, 18.44886092, 18.63798358, 18.77827868, 18.87143894, 18.91920096, 18.92333817, 18.88565414, 18.80797622, 18.69214948, 18.54003096, 18.3534843, 18.13437464, 17.88456384, 17.60590604, 17.30024348, 16.96940267, 16.61519078, 16.2393924, 15.84376646, 15.43004351, 17.83458567, 18.0411168, 18.20041043, 18.31400006, 18.38346826, 18.41043979, 18.39657493, 18.34356318, 18.25311718, 18.12696705, 17.96685494, 17.77452992, 17.55174317, 17.30024348, 17.021773, 16.71806333, 16.39083185, 16.04177832, 15.67258176, 15.2848976, 17.20434052, 17.42699925, 17.60410394, 17.73703058, 17.82720897, 17.87611588, 17.88526857, 17.85621844, 17.79054517, 17.68985094, 17.55575508, 17.38988894, 17.19389107, 16.96940267, 16.71806333, 16.44150706, 16.14135853, 15.8192296, 15.47671619, 15.11539521, 16.56059103, 16.79809441, 16.99181031, 17.14295958, 17.25282104, 17.32272481, 17.35404593, 17.34819818, 17.3066282, 17.23080986, 17.12223888, 16.9824278, 16.81290112, 16.61519078, 16.39083185, 16.14135853, 15.86830036, 15.57317877, 15.25750371, 14.92277073, 15.90571069, 16.15677841, 16.3658983, 16.53413896, 16.6626306, 16.75255859, 16.80515717, 16.82170341, 16.80351147, 16.75192702, 16.668322, 16.55408952, 16.41063917, 16.2393924, 16.04177832, 15.8192296, 15.57317877, 15.30505459, 15.01627879, 14.70826299, 15.24198109, 15.50533985, 15.72865377, 15.9128426, 16.05889086, 16.16784153, 16.24078996, 16.27887802, 16.28328841, 16.25523929, 16.19597903, 16.10678131, 15.98894036, 15.84376646, 15.67258176, 15.47671619, 15.25750371, 15.01627879, 14.75437299, 14.47311195, 14.57159231, 14.84597986, 15.08227943, 15.28126583, 15.4437812, 15.570729, 15.66306812, 15.72180713, 15.74799884, 15.74273501, 15.70714122, 15.64237208, 15.54960655, 15.43004351, 15.2848976, 15.11539521, 14.92277073, 14.70826299, 14.47311195, 14.21855555])

else:

    means = np.array([4361.00063248, 4297.85375644, 4235.78104392, 4174.76889618, 4114.80334743, 4055.8700915, 3997.95450847, 3941.04169137, 3885.11647291, 3830.16345209, 3776.16702075, 3723.11139006, 3670.98061678, 3619.75862941, 3569.42925412, 3519.97624035, 3471.38328632, 3423.63406401, 3376.71224399, 3330.60151976])

    covariances = np.array([267.47600425, 266.04876043, 263.87240196, 260.98785206, 257.43611977, 253.25823593, 248.49518865, 243.18785928, 237.37695843, 231.10296248, 224.40605019, 217.32604005, 209.90232829, 202.17382731, 194.17890494, 185.95532487, 177.54018741, 168.9698719, 160.27997972, 151.50527892, 266.04876043, 265.07779128, 263.35497852, 260.91898964, 257.8086889, 254.06307475, 249.72121663, 244.82219266, 239.40502595, 233.50862254, 227.17170834, 220.43276728, 213.32997933, 205.90115907, 198.1836953, 190.21449047, 182.02990185, 173.66568265, 165.15692484, 156.53800237, 263.87240193, 263.35497853, 262.0862795, 260.10255216, 257.44034954, 254.13646921, 250.22789271, 245.75172379, 240.74512688, 235.24526588, 229.28924217, 222.91403355, 216.15643303, 209.0529878, 201.639939, 193.95316156, 186.02810484, 177.89973404, 169.60247201, 161.17014218, 260.98785203, 260.91898965, 260.1025522, 258.57222723, 256.36211397, 253.50666439, 250.04062463, 245.99897502, 241.41687052, 236.32958094, 230.77243004, 224.78073594, 218.38975099, 211.63460106, 204.55022629, 197.17132132, 189.53227613, 181.66711745, 173.60945062, 165.39240201, 257.43611973, 257.80868892, 257.44034954, 256.36211394, 254.60550853, 252.20251719, 249.18552518, 245.58726141, 241.44074063, 236.77920574, 231.63606856, 226.0448515, 220.03912882, 213.65246705, 206.91836692, 199.87020382, 192.54116958, 184.96421423, 177.171988, 169.19678378, 253.25823592, 254.06307472, 254.1364692, 253.50666438, 252.20251719, 250.25344305, 247.68936193, 244.54064347, 240.83805153, 236.61268802, 231.89593636, 226.71940435, 221.11486732, 215.11421018, 208.74936979, 202.05227743, 195.05480092, 187.78868722, 180.28550476, 172.57658671, 248.49518863, 249.72121664, 250.22789272, 250.0406246, 249.18552523, 247.68936191, 245.57950589, 242.88387943, 239.6309036, 235.84944385, 231.56875612, 226.81843187, 221.62834267, 216.02858423, 210.04942028, 203.72122628, 197.07443299, 190.13946961, 182.94670755, 175.5264037, 243.18785923, 244.82219263, 245.75172377, 245.998975, 245.58726141, 244.54064352, 242.88387945, 240.6423758, 237.84213687, 234.50971449, 230.67215547, 226.35694897, 221.59197399, 216.40544451, 210.8258558, 204.88192957, 198.60255878, 192.01675237, 185.15357999, 178.04211638, 237.37695849, 239.40502593, 240.74512692, 241.41687056, 241.44074069, 240.8380516, 239.6309036, 237.8421369, 235.49528436, 232.61452327, 229.22462622, 225.35091107, 221.01918996, 216.25571783, 211.08714003, 205.54043945, 199.64288338, 193.42196949, 186.90537215, 180.12088778, 231.10296249, 233.50862254, 235.2452659, 236.32958089, 236.77920576, 236.61268805, 235.8494438, 234.50971452, 232.61452323, 230.18562944, 227.24548262, 223.81717516, 219.92439394, 215.59137134, 210.84283489, 205.70395708, 200.20030351, 194.35778157, 188.20258725, 181.76115328, 224.40605017, 227.1717083, 229.28924215, 230.77242996, 231.63606856, 231.89593631, 231.56875604, 230.67215543, 229.22462618, 227.24548262, 224.75481797, 221.77346035, 218.3229273, 214.42537897, 210.10357111, 205.38080636, 200.28088542, 194.82805699, 189.04696736, 182.96260942, 217.32604003, 220.43276733, 222.91403351, 224.780736, 226.04485157, 226.71940435, 226.8184319, 226.35694901, 225.35091107, 223.81717519, 221.77346039, 219.23830645, 216.23103133, 212.77168747, 208.88101723, 204.58040709, 199.89184088, 194.83785235, 189.44147658, 183.72620114, 209.90232829, 213.32997932, 216.15643303, 218.389751, 220.03912882, 221.11486735, 221.62834269, 221.591974, 221.01918995, 219.92439398, 218.3229273, 216.2310313, 213.66580806, 210.64517975, 207.18784689, 203.31324524, 199.0415018, 194.39338988, 189.39028267, 184.05410687, 202.17382727, 205.90115906, 209.05298779, 211.63460106, 213.65246709, 215.11421021, 216.02858423, 216.4054445, 216.25571783, 215.59137135, 214.42537902, 212.77168745, 210.64517971, 208.06163804, 205.03770476, 201.59084242, 197.7392928, 193.50203387, 188.89873699, 183.94972195, 194.17890495, 198.1836953, 201.63993901, 204.55022627, 206.91836697, 208.74936981, 210.0494203, 210.82585581, 211.08714, 210.84283494, 210.10357111, 208.88101722, 207.18784691, 205.03770472, 202.4451709, 199.4257239, 195.9957023, 192.17226549, 187.97335254, 183.41764029, 185.95532486, 190.21449051, 193.95316158, 197.17132129, 199.87020382, 202.05227745, 203.72122624, 204.88192954, 205.54043947, 205.70395706, 205.3808064, 204.58040709, 203.31324524, 201.59084245, 199.42572389, 196.83138416, 193.82225236, 190.41365537, 186.62178002, 182.46363396, 177.54018739, 182.02990185, 186.02810491, 189.53227613, 192.54116961, 195.05480095, 197.07443296, 198.60255878, 199.64288337, 200.20030351, 200.28088544, 199.89184089, 199.04150178, 197.73929278, 195.99570231, 193.82225234, 191.23146613, 188.23683492, 184.85278296, 181.09463146, 168.96987191, 173.66568267, 177.89973408, 181.66711743, 184.96421426, 187.7886872, 190.13946962, 192.01675241, 193.42196949, 194.35778155, 194.828057, 194.83785231, 194.39338982, 193.50203389, 192.17226549, 190.41365539, 188.23683488, 185.65346628, 182.67621041, 179.31869389, 160.27997968, 165.15692485, 169.60247199, 173.60945056, 177.17198802, 180.28550477, 182.94670752, 185.15358006, 186.90537212, 188.20258731, 189.04696742, 189.44147654, 189.39028261, 188.89873699, 187.97335249, 186.62178002, 184.85278299, 182.67621037, 180.10296843, 177.14499011, 151.50527894, 156.53800231, 161.17014217, 165.392402, 169.19678384, 172.5765867, 175.52640372, 178.04211636, 180.12088781, 181.76115331, 182.96260943, 183.72620111, 184.05410688, 183.94972198, 183.41764026, 182.46363395, 181.09463142, 179.31869387, 177.14499011, 174.58376927])

    gprMeansData = np.array([4361.18937952, 4298.76629786, 4237.39546788, 4177.05720759, 4117.73212214, 4059.40112264, 4002.04544195, 3945.64664781, 3890.1866533, 3835.64772518, 3782.01248998, 3729.26393834, 3677.38542754, 3626.36068258, 3576.17379584, 3526.80922555, 3478.2517932, 3430.48667994, 3383.49942216, 3337.27590643])

    gprCovsData = np.array([269.65684055, 269.38277482, 268.28258488, 266.39632929, 263.7652621, 260.43158023, 256.43818392, 251.82845184, 246.64603011, 240.9346352, 234.7378709, 228.0990588, 221.0610821, 213.66624235, 205.95612915, 197.97150178, 189.75218298, 181.33696386, 172.76351986, 164.06833724, 269.38277482, 269.80994533, 269.38882062, 268.15589136, 266.14927123, 263.40842498, 259.97391104, 255.88713731, 251.19013159, 245.92532522, 240.13535138, 233.86285669, 227.15032668, 220.03992424, 212.57334144, 204.7916637, 196.73524666, 188.44360422, 179.95530887, 171.30790225, 268.28258488, 269.38882062, 269.62925902, 269.03672034, 267.64605204, 265.49384165, 262.61814297, 259.0582154, 254.85427752, 250.04727389, 244.67865651, 238.79017939, 232.42370725, 225.62103758, 218.4237357, 210.8729833, 203.00943902, 194.87311171, 186.50324517, 177.93821444, 266.39632929, 268.15589136, 269.03672034, 269.06789895, 268.28091698, 266.70937111, 264.38867689, 261.35579414, 257.64896585, 253.3074704, 248.37138798, 242.88138005, 236.87848336, 230.40391665, 223.49890129, 216.20449502, 208.56143797, 200.61001195, 192.38991118, 183.94012541, 263.7652621, 266.14927123, 267.64605204, 268.28091698, 268.08193879, 267.07963924, 265.30668994, 262.79762604, 259.58857246, 255.71698381, 251.2213977, 246.14120138, 240.51641217, 234.38747149, 227.79505179, 220.77987732, 213.38255744, 205.64343247, 197.60243233, 189.29894688, 260.43158023, 263.40842498, 265.49384165, 266.70937111, 267.07963924, 266.6320373, 265.39641405, 263.40477938, 260.69102106, 257.29063377, 253.24046158, 248.57845369, 243.3434334, 237.57488044, 231.31272685, 224.59716554, 217.4684725, 209.96684104, 202.13222887, 194.00421728, 256.43818392, 259.97391104, 262.61814297, 264.38867689, 265.30668994, 265.39641405, 264.68482094, 263.201319, 260.97746192, 258.04666911, 254.44395991, 250.20569957, 245.36935898, 239.97328741, 234.05649818, 227.6584675, 220.81894632, 213.57778455, 205.97476819, 198.04946822, 251.82845184, 255.88713731, 259.0582154, 261.35579414, 262.79762604, 263.40477938, 263.201319, 262.21399801, 260.47196043, 258.00645592, 254.8505664, 251.03894534, 246.60756968, 241.59350436, 236.03467995, 229.96968317, 223.43755973, 216.47763027, 209.12931837, 201.43199078, 246.64603011, 251.19013159, 254.85427752, 257.64896585, 259.58857246, 260.69102106, 260.97746192, 260.47196043, 259.20119653, 257.19417468, 254.48194579, 251.09734131, 247.07471869, 242.44972045, 237.25904461, 231.54022866, 225.33144504, 218.67130994, 211.59870374, 204.15260381, 240.9346352, 245.92532522, 250.04727389, 253.3074704, 255.71698381, 257.29063377, 258.04666911, 258.00645592, 257.19417468, 255.63652843, 253.36246153, 250.40289, 246.79044327, 242.55921828, 237.74454523, 232.38276597, 226.5110242, 220.16706782, 213.38906385, 206.21542429, 234.7378709, 240.13535138, 244.67865651, 248.37138798, 251.2213977, 253.24046158, 254.44395991, 254.8505664, 254.48194579, 253.36246153, 251.51889311, 248.98016491, 245.77708534, 241.94209816, 237.50904489, 232.51293908, 226.98975266, 220.9762137, 214.50961616, 207.62764117, 228.0990588, 233.86285669, 238.79017939, 242.88138005, 246.14120138, 248.57845369, 250.20569957, 251.03894534, 251.09734131, 250.40289, 248.98016491, 246.85603851, 244.05942124, 240.62101106, 236.57305415, 231.94911705, 226.78386987, 221.11288108, 214.97242375, 208.39929286, 221.0610821, 227.15032668, 232.42370725, 236.87848336, 240.51641217, 243.3434334, 245.36935898, 246.60756968, 247.07471869, 246.79044327, 245.77708534, 244.05942124, 241.66440146, 238.62090043, 234.95947686, 230.71214488, 225.91215595, 220.59379176, 214.79216806, 208.54304955, 213.66624235, 220.03992424, 225.62103758, 230.40391665, 234.38747149, 237.57488044, 239.97328741, 241.59350436, 242.44972045, 242.55921828, 241.94209816, 240.62101106, 238.62090043, 235.96875392, 232.69336451, 228.82510235, 224.39569642, 219.43802681, 213.98592767, 208.07400047, 205.95612915, 212.57334144, 218.4237357, 223.49890129, 227.79505179, 231.31272685, 234.05649818, 236.03467995, 237.25904461, 237.74454523, 237.50904489, 236.57305415, 234.95947686, 232.69336451, 229.80168011, 226.31307146, 222.25765423, 217.66680485, 212.57296354, 207.00944719, 197.97150178, 204.7916637, 210.8729833, 216.20449502, 220.77987732, 224.59716554, 227.6584675, 229.96968317, 231.54022866, 232.38276597, 232.51293908, 231.94911705, 230.71214488, 228.82510235, 226.31307146, 223.2029126, 219.52305039, 215.30326786, 210.57451101, 205.36870255, 189.75218298, 196.73524666, 203.00943902, 208.56143797, 213.38255744, 217.4684725, 220.81894632, 223.43755973, 225.33144504, 226.5110242, 226.98975266, 226.78386987, 225.91215595, 224.39569642, 222.25765423, 219.52305039, 216.21855294, 212.3722745, 208.01357881, 203.17289629, 181.33696386, 188.44360422, 194.87311171, 200.61001195, 205.64343247, 209.96684104, 213.57778455, 216.47763027, 218.67130994, 220.16706782, 220.9762137, 221.11288108, 220.59379176, 219.43802681, 217.66680485, 215.30326786, 212.3722745, 208.90020191, 204.91475566, 200.44478766, 172.76351986, 179.95530887, 186.50324517, 192.38991118, 197.60243233, 202.13222887, 205.97476819, 209.12931837, 211.59870374, 213.38906385, 214.50961616, 214.97242375, 214.79216806, 213.98592767, 212.57296354, 210.57451101, 208.01357881, 204.91475566, 201.30402448, 197.20858448, 164.06833724, 171.30790225, 177.93821444, 183.94012541, 189.29894688, 194.00421728, 198.04946822, 201.43199078, 204.15260381, 206.21542429, 207.62764117, 208.39929286, 208.54304955, 208.07400047, 207.00944719, 205.36870255, 203.17289629, 200.44478766, 197.20858448, 193.48977004])

biggestDiff = 0.
for i in range(means.size):
    if abs(means[i]-gprMeansData[i])/gprMeansData[i]>biggestDiff:
        biggestDiff = 100.*(means[i]-gprMeansData[i])/gprMeansData[i]
print("Biggest diff mean: %f%%" % biggestDiff)

biggestDiff = 0.
for i in range(covariances.size):
    if abs(covariances[i]-gprCovsData[i])/gprCovsData[i]>biggestDiff:
        biggestDiff = 100.*(covariances[i]-gprCovsData[i])/gprCovsData[i]
print("Biggest diff covariance: %f%%" % biggestDiff)
