#include <vector>
#include <cmath>
#include <iostream>
#include <string>

#include "TFile.h"
#include "TH2.h"
#include "TF1.h"
#include "TTree.h"
#include "TLorentzVector.h"
#include "TRandom3.h"
#include "TCanvas.h"
#include "TLatex.h"
#include "TLegend.h"
#include "TMath.h"
#include "TColor.h"
#include "TStyle.h"
#include "TVector.h"
#include "TError.h"
#include "TGraphErrors.h"
#include "TCanvas.h"
#include "TAxis.h"
#include "TH1.h"
#include "TMatrixD.h"

#include "RooFitResult.h"
#include "RooGlobalFunc.h"
#include "RooRealVar.h"
#include "RooArgSet.h"
#include "RooDataSet.h"
#include "RooGaussian.h"
#include "RooMultiVarGaussian.h"
#include "RooCBShape.h"
#include "RooPlot.h"
#include "RooMinuit.h"
#include "RooConstVar.h"
#include "RooChebychev.h"
#include "RooAddPdf.h"
#include "RooKeysPdf.h"
#include "RooNDKeysPdf.h"
#include "RooWorkspace.h"
#include "RooCategory.h"
#include "RooSimultaneous.h"
#include "RooFormulaVar.h"
#include "RooProduct.h"
#include "RooAddition.h"
#include "RooProdPdf.h"
#include "RooPoisson.h"
#include "RooGenericPdf.h"
#include "RooExtendPdf.h"
#include "RooHistPdf.h"
#include "RooDataHist.h"
#include "RooMinimizer.h"
#include "RooRandom.h"
#include "RooNLLVar.h"
#include "RooEffProd.h"
// #include "PiecewiseInterpolation.h" // Simple vertical interpolation of the PDFs
// #include "RooLinearMorph.h" // Vertical interpolation of CDFs
#include "RooMomentMorph.h" // transform models with linear transformation in observables that adjust 1st and 2nd moment
#include "RooMomentMorphND.h" // transform models with linear transformation in observables that adjust 1st and 2nd moment
// #include "RooStarMomentMorph.h" // Weird one made for Higgs analysis#include "RooStats/ModelConfig.h"
#include "RooStats/HypoTestInverter.h"
#include "RooStats/AsymptoticCalculator.h"
#include "RooStats/HistFactory/FlexibleInterpVar.h"

#include "RooProfileLL.h"
#include "RooStats/HypoTestInverter.h"
#include "RooStats/HypoTestInverterResult.h"
#include "RooStats/HypoTestResult.h"
#include "RooStats/ProfileLikelihoodCalculator.h"
#include "RooStats/MCMCCalculator.h"
#include "RooStats/UniformProposal.h"
#include "RooStats/FeldmanCousins.h"
#include "RooStats/NumberCountingPdfFactory.h"
#include "RooStats/ConfInterval.h"
#include "RooStats/PointSetInterval.h"
#include "RooStats/LikelihoodInterval.h"
#include "RooStats/LikelihoodIntervalPlot.h"
#include "RooStats/RooStatsUtils.h"
#include "RooStats/ModelConfig.h"
#include "RooStats/MCMCInterval.h"
#include "RooStats/MCMCIntervalPlot.h"
#include "RooStats/ProposalFunction.h"
#include "RooStats/ProposalHelper.h"
#include "RooFitResult.h"
#include "TGraph2D.h"

#include "TMVA/Tools.h"
#include "TMVA/Reader.h"
#include "TMVA/MethodBDT.h"


/////////////////////////////////////////
// Normal forward declarations

int main(int argc, char* argv[]);

RooStats::HistFactory::FlexibleInterpVar *GetFIVTerm(const TString name, const TString fivName, const double priorDown, const double priorUp, RooWorkspace *workspace, const double nominal=1.0, const int interpCode=4, char *constr="1.0");

RooStats::HistFactory::FlexibleInterpVar *GetFlatFIVTerm(const TString name, const TString fivName, const double priorDown, const double priorUp, RooWorkspace *workspace, const double nominal=1.0);


/////////////////////////////////////////
// Unblinded data in SR (21Aug23)

const double dataNonCTag[20]    = {4435.0000, 4436.0000, 4277.0000, 4309.0000, 4330.0000, 4095.0000, 4221.0000, 4056.0000, 4233.0000, 4159.0000, 4076.0000, 4123.0000, 3868.0000, 3789.0000, 3702.0000, 3602.0000, 3616.0000, 3563.0000, 3452.0000, 3373.0000};
const double dataCTag[20]       = {393.00000, 396.00000, 404.00000, 436.00000, 382.00000, 365.00000, 403.00000, 419.00000, 401.00000, 413.00000, 410.00000, 375.00000, 402.00000, 383.00000, 390.00000, 344.00000, 342.00000, 351.00000, 328.00000, 340.00000};


/////////////////////////////////////////
// GPR data using 0.5 GeV bin width


// 26Mar23 (fid signal def - new Lumi (140))
const double sigNonCTag[20]    = {0.840247, 1.31272, 2.03078, 3.14492, 4.78438, 7.68805, 11.2583, 15.8732, 20.2833, 23.4363, 23.862, 21.4932, 17.5273, 13.1678, 9.45482, 6.33719, 4.16282, 2.63483, 1.73691, 1.10009};
const double sigCTag[20]       = {0.331721, 0.473369, 0.786581, 1.2341, 1.93308, 3.00543, 4.54891, 6.4036, 8.25853, 9.55912, 9.74894, 8.73336, 6.97784, 5.1528, 3.52476, 2.40784, 1.56047, 1.00488, 0.634092, 0.397729};
const double resBkdNonCTag[20] = {10.3031, 15.5085, 23.8348, 37.2471, 57.6456, 87.5579, 129.18, 176.182, 221.903, 251.356, 256.097, 233.631, 193.089, 148.005, 107.676, 74.2924, 49.7865, 32.7439, 21.2245, 13.4199};
const double resBkdCTag[20]    = {0.543914, 0.797813, 1.25506, 1.93752, 2.91204, 4.58818, 6.78733, 9.36364, 11.5948, 13.3717, 13.4691, 12.2697, 9.9961, 7.64927, 5.40153, 3.62868, 2.50427, 1.58113, 1.05928, 0.659886};


// 23Feb23 (new signal definition)
// const double sigNonCTag[20]    = {2.04993, 3.16774, 4.79919, 7.45171, 11.5626, 18.0306, 26.4816, 37.0821, 46.8476, 53.5779, 54.5004, 49.6276, 40.9418, 31.0869, 22.4421, 15.303, 10.0467, 6.6926, 4.28269, 2.72344};
// const double sigCTag[20]       = {0.401026, 0.57431, 0.960135, 1.48853, 2.3356, 3.67585, 5.47228, 7.77252, 9.94612, 11.423, 11.6819, 10.4845, 8.41748, 6.29337, 4.28617, 2.96805, 1.93324, 1.23317, 0.788585, 0.478303};
// const double resBkdNonCTag[20] = {9.00796, 13.5242, 20.8675, 32.6291, 50.3851, 76.4755, 112.86, 153.465, 193.432, 219.045, 223.247, 203.485, 168.021, 128.831, 93.7808, 64.7069, 43.4914, 28.4185, 18.5063, 11.6881};
// const double resBkdCTag[20]    = {0.467724, 0.686952, 1.06566, 1.65844, 2.47176, 3.85841, 5.77492, 7.86959, 9.74941, 11.325, 11.3509, 10.3508, 8.42204, 6.40768, 4.5704, 3.02154, 2.10023, 1.33318, 0.891967, 0.571353};


// // pre-23Feb23 (old signal definition)
// const double sigNonCTag[20] = {0.1046312, 0.1564077, 0.2359506, 0.3628609, 0.571652,  0.938007, 1.28642,  1.728248, 2.134939, 2.410303, 2.377265, 2.204778, 1.874965, 1.431151, 1.094129, 0.753316,  0.505354,  0.364285,  0.2161952, 0.1470606};//h026
// const double sigCTag[20]    = {0.0518504, 0.064618,  0.1069563, 0.1587749, 0.2419203, 0.393096, 0.569746, 0.763212, 0.942819, 1.08534,  1.076056, 1.023539, 0.827776, 0.638583, 0.480437, 0.3062668, 0.1965662, 0.1259112, 0.0905922, 0.05060494};//h026
// const double resBkdNonCTag[20] = {11.69082, 17.83504, 27.25724, 42.3478,  65.3615, 98.1597, 143.135,  192.7101, 240.5797, 270.8429, 276.4081, 252.813,  211.2183, 163.2431, 120.034, 83.5261, 56.3246, 37.30808, 24.14311, 15.44091};//h026
// const double resBkdCTag[20]    = {0.875797, 1.238201, 2.066623, 3.127889, 4.7479,  7.51956, 10.94265, 14.95319, 18.80092, 21.54012, 21.91466, 19.81701, 16.1369,  12.40407, 8.58252, 5.94901, 4.03776, 2.536736, 1.647276, 1.043864};//h026


// 21Feb23
const double gprMeansNonCTagData[20] =
  {4432.9976779, 4368.34916061, 4304.7582324, 4242.21465057, 4180.70785699, 4120.22699128, 4060.76090396, 4002.29816982, 3944.8271012, 3888.33576146, 3832.81197841, 3778.24335785, 3724.61729702, 3671.92099819, 3620.14148216, 3569.26560179, 3519.28005547, 3470.17140062, 3421.92606709, 3374.53037049};
const double gprCovsNonCTagData[20*20] =
  {255.44780657, 254.3048664, 252.49388076, 250.05100014, 247.01215674, 243.41302905, 239.28900932, 234.67516755, 229.60621995, 224.11649463, 218.23989993, 212.0098916, 205.45944212, 198.62100887, 191.52650388, 184.20726472, 176.69402436, 169.01688327, 161.20528132, 153.28797051, 254.30486648, 253.53583604, 252.09554206, 250.01860469, 247.33949368, 244.09249416, 240.31167376, 236.03084969, 231.28355625, 226.10301209, 220.52208928, 214.5732809, 208.28867052, 201.69990179, 194.83814783, 187.73408263, 180.41785111, 172.91904154, 165.26665758, 157.48909058, 252.49388078, 252.09554202, 251.02551421, 249.31674119, 247.00208392, 244.11428872, 240.68595489, 236.74950303, 232.33714324, 227.4808442, 222.21230194, 216.56290862, 210.56372365, 204.24544209, 197.63836661, 190.7723773, 183.67690409, 176.38089782, 168.91280367, 161.30053268, 250.05100024, 250.01860477, 249.31674115, 247.97654844, 246.02915115, 243.50562839, 240.43698371, 236.85411346, 232.78777749, 228.26856764, 223.32687915, 217.99287954, 212.2964806, 206.2673076, 199.93467213, 193.32754223, 186.47451531, 179.40379024, 172.14314003, 164.71988549, 247.01215668, 247.33949372, 247.00208396, 246.02915111, 244.44997247, 242.29384914, 239.59007665, 236.36791614, 232.65656514, 228.485128, 223.88258757, 218.87777614, 213.49934773, 207.7757488, 201.73519071, 195.40562216, 188.81470178, 181.9897707, 174.95782652, 167.74549613, 243.4130292, 244.09249414, 244.11428872, 243.50562852, 242.29384912, 240.50637841, 238.17070923, 235.31437034, 231.96490057, 228.14981917, 223.89659977, 219.23264183, 214.18524386, 208.78157583, 203.04865251, 197.01330603, 190.70215969, 184.14160174, 177.35775886, 170.37647048, 239.28900932, 240.31167384, 240.68595491, 240.43698375, 239.59007659, 238.17070909, 236.2044904, 233.7171361, 230.73444338, 227.28226359, 223.38647668, 219.07296466, 214.36758553, 209.29614735, 203.88438141, 198.15791779, 192.14225812, 185.86275133, 179.34456724, 172.61267193, 234.67516765, 236.03084965, 236.74950301, 236.85411362, 236.36791626, 235.31437044, 233.71713604, 231.60004882, 228.9870959, 225.90239047, 222.37014787, 218.41466068, 214.06027277, 209.33135583, 204.25228362, 198.84740755, 193.14103147, 187.15738795, 180.92061259, 174.45472042, 229.60621991, 231.28355617, 232.33714332, 232.78777749, 232.65656504, 231.96490057, 230.7344434, 228.98709584, 226.74498012, 224.03041491, 220.86589267, 217.27405551, 213.27767234, 208.89961545, 204.16283616, 199.09034179, 193.70517199, 188.03037447, 182.08898252, 175.90399009, 224.11649464, 226.10301211, 227.48084417, 228.2685677, 228.48512798, 228.14981919, 227.28226365, 225.90239039, 224.03041497, 221.6868172, 218.89231993, 215.6678674, 212.03460285, 208.01384674, 203.62707442, 198.89589326, 193.84202075, 188.48726201, 182.85348648, 176.9626057, 218.23989987, 220.52208932, 222.21230185, 223.32687909, 223.88258749, 223.89659977, 223.38647676, 222.37014793, 220.86589265, 218.89231997, 216.468349, 213.61318868, 210.34631773, 206.68746301, 202.65657969, 198.27382939, 193.55955961, 188.53428186, 183.21865029, 177.63344011, 212.00989163, 214.57328096, 216.56290864, 217.99287963, 218.87777621, 219.23264175, 219.07296472, 218.41466056, 217.27405545, 215.66786732, 213.6131888, 211.12746756, 208.22848871, 204.93435457, 201.26346573, 197.23450182, 192.86640047, 188.17833839, 183.18971026, 177.92010825, 205.45944204, 208.2886705, 210.56372361, 212.2964806, 213.4993478, 214.1852439, 214.36758571, 214.06027267, 213.27767242, 212.03460283, 210.34631771, 208.22848869, 205.69718854, 202.76887333, 199.46036522, 195.78883333, 191.77177544, 187.4270001, 182.77260595, 177.82696359, 198.62100877, 201.69990173, 204.24544211, 206.26730777, 207.77574878, 208.78157579, 209.29614731, 209.33135575, 208.89961543, 208.01384676, 206.68746299, 204.93435451, 202.76887346, 200.20581776, 197.26041512, 193.94830589, 190.28552618, 186.28849023, 181.97397295, 177.35909113, 191.52650397, 194.83814785, 197.63836656, 199.93467219, 201.73519069, 203.04865251, 203.88438149, 204.2522835, 204.16283614, 203.62707434, 202.65657962, 201.26346579, 199.46036522, 197.26041505, 194.67724199, 191.72494745, 188.41809154, 184.77167736, 180.80113435, 176.52230134, 184.20726474, 187.73408251, 190.77237736, 193.32754223, 195.40562216, 197.01330597, 198.15791771, 198.8474075, 199.09034177, 198.89589322, 198.27382945, 197.23450178, 195.78883331, 193.94830587, 191.72494745, 189.13131835, 186.18049673, 182.88606467, 179.26209226, 175.32312275, 176.69402438, 180.41785113, 183.67690411, 186.47451539, 188.81470176, 190.70215973, 192.14225824, 193.14103147, 193.70517199, 193.84202081, 193.55955965, 192.86640041, 191.77177549, 190.28552612, 188.41809154, 186.18049671, 183.58433976, 180.64177876, 177.36551803, 173.76879382, 169.01688337, 172.91904159, 176.38089785, 179.40379028, 181.98977074, 184.1416017, 185.86275137, 187.15738793, 188.03037455, 188.48726195, 188.53428192, 188.17833845, 187.42700009, 186.28849025, 184.77167729, 182.88606469, 180.64177885, 178.04955845, 175.12074201, 171.8672545, 161.20528119, 165.2666574, 168.91280363, 172.14314011, 174.95782648, 177.35775894, 179.34456724, 180.92061249, 182.08898256, 182.85348646, 183.21865027, 183.18971018, 182.77260587, 181.97397293, 180.80113433, 179.26209228, 177.36551801, 175.12074207, 172.53774304, 169.62713666, 153.28797049, 157.48909062, 161.3005327, 164.71988555, 167.74549617, 170.37647038, 172.61267191, 174.45472044, 175.90399008, 176.96260574, 177.63343999, 177.92010821, 177.82696357, 177.35909117, 176.52230136, 175.32312271, 173.76879378, 171.8672544, 169.62713662, 167.05775429};
const double gprMeansCTagData[20] =
  {426.46835713, 420.40811419, 414.42595839, 408.52218909, 402.6970592, 396.9507755, 391.28349905, 385.69534563, 380.18638612, 374.75664703, 369.406111, 364.13471735, 358.9423626, 353.8289011, 348.79414567, 343.8378682, 338.95980037, 334.15963431, 329.43702337, 324.79158285};
const double gprCovsCTagData[20*20] =
  {19.97708854, 20.0123551, 20.00247833, 19.94893993, 19.85324393, 19.71691536, 19.54149899, 19.32855796, 19.07967252, 18.7964386, 18.48046652, 18.13337962, 17.7568129, 17.3524116, 16.9218299, 16.4667295, 15.98877822, 15.48964868, 14.97101686, 14.43456075, 20.0123551, 20.06865832, 20.07893368, 20.04465001, 19.96729988, 19.84839832, 19.68948154, 19.49210559, 19.25784505, 18.98829173, 18.68505326, 18.3497518, 17.98402262, 17.58951277, 17.1678797, 16.72078988, 16.24991738, 15.75694254, 15.24355056, 14.7114301, 20.00247833, 20.07893368, 20.10866137, 20.09311155, 20.03375944, 19.93210406, 19.78966699, 19.60799103, 19.38863891, 19.13319199, 18.84324888, 18.52042415, 18.16634692, 17.78265956, 17.37101626, 16.93308169, 16.47052961, 15.98504148, 15.4783051, 14.95201316, 19.94893993, 20.04465001, 20.09311155, 20.09575058, 20.05401944, 19.96939552, 19.84338005, 19.67749678, 19.47329073, 19.23232687, 18.95618879, 18.64647739, 18.30480954, 17.93281674, 17.53214371, 17.10444709, 16.65139402, 16.1746608, 15.67593145, 15.15689641, 19.85324393, 19.96729988, 20.03375944, 20.05401944, 20.02950416, 19.96166412, 19.85197482, 19.70193556, 19.51306809, 19.2869154, 19.0250404, 18.7290246, 18.40046681, 18.0409818, 17.65219895, 17.23576089, 16.79332219, 16.32654792, 15.83711233, 15.32669746, 19.71691536, 19.84839832, 19.93210406, 19.96939552, 19.96166412, 19.91032857, 19.81683369, 19.68264918, 19.50926841, 19.29820711, 19.05100216, 18.76921031, 18.45440681, 18.10818419, 17.73215089, 17.3279299, 16.8971575, 16.44148184, 15.9625616, 15.46206464, 19.54149899, 19.68948154, 19.78966699, 19.84338005, 19.85197482, 19.81683369, 19.73936611, 19.62100749, 19.46321792, 19.267481, 19.0353026, 18.76820957, 18.46774852, 18.13548449, 17.77299969, 17.38189218, 16.96377452, 16.52027251, 16.05302378, 15.5636765, 19.32855796, 19.49210559, 19.60799103, 19.67749678, 19.70193556, 19.68264918, 19.62100749, 19.51840715, 19.37627053, 19.19604451, 18.97919925, 18.727227, 18.44164086, 18.12397352, 17.77577598, 17.39861631, 16.99407831, 16.56376024, 16.10927349, 15.63224128, 19.07967252, 19.25784505, 19.38863891, 19.47329073, 19.51306809, 19.50926841, 19.46321792, 19.37627053, 19.24980673, 19.08523239, 18.88397766, 18.64749577, 18.3772618, 18.07477149, 17.74153999, 17.37910064, 16.98900369, 16.572815, 16.13211481, 15.66849641, 18.7964386, 18.98829173, 19.13319199, 19.23232687, 19.2869154, 19.29820711, 19.267481, 19.19604451, 19.08523239, 18.93640564, 18.75095036, 18.53027665, 18.27581739, 17.9890271, 17.67138074, 17.32437249, 16.94951452, 16.54833577, 16.12238069, 15.67320795, 18.48046652, 18.68505327, 18.84324888, 18.95618879, 19.0250404, 19.05100216, 19.0353026, 18.97919925, 18.88397766, 18.75095036, 18.58145573, 18.37685693, 18.13854077, 17.86791661, 17.56641515, 17.2354873, 16.87660297, 16.49124987, 16.08093232, 15.64716998, 18.13337962, 18.3497518, 18.52042415, 18.64647739, 18.7290246, 18.76921031, 18.76820957, 18.727227, 18.64749577, 18.53027665, 18.37685693, 18.18854937, 17.96669118, 17.71264286, 17.42778714, 17.11352783, 16.77128866, 16.40251216, 16.00865843, 15.591204, 17.7568129, 17.98402262, 18.16634692, 18.30480954, 18.40046681, 18.45440681, 18.46774852, 18.44164086, 18.3772618, 18.27581739, 18.13854077, 17.96669118, 17.76155292, 17.52443434, 17.25666673, 16.95960328, 16.63461795, 16.28310435, 15.90647463, 15.50615832, 17.3524116, 17.58951277, 17.78265956, 17.93281674, 18.0409818, 18.10818419, 18.13548449, 18.12397352, 18.07477149, 17.9890271, 17.86791661, 17.71264286, 17.52443434, 17.30454417, 17.05424908, 16.77484841, 16.467663, 16.13403419, 15.77532266, 15.39290736, 16.9218299, 17.1678797, 17.37101626, 17.53214371, 17.65219895, 17.73215089, 17.77299969, 17.77577598, 17.74153999, 17.67138074, 17.56641515, 17.42778714, 17.25666673, 17.05424908, 16.82175352, 16.56042259, 16.27152102, 15.9563347, 15.61616966, 15.25235101, 16.4667295, 16.72078988, 16.93308169, 17.10444709, 17.23576089, 17.3279299, 17.38189218, 17.39861631, 17.37910064, 17.32437249, 17.2354873, 17.11352783, 16.95960328, 16.77484841, 16.56042259, 16.31750893, 16.04731329, 15.75106331, 15.43000743, 15.08541388, 15.98877822, 16.24991738, 16.47052961, 16.65139402, 16.79332219, 16.8971575, 16.96377452, 16.99407831, 16.98900369, 16.94951452, 16.87660297, 16.77128866, 16.63461795, 16.467663, 16.27152102, 16.04731329, 15.79618436, 15.51930107, 15.21785162, 14.89304464, 15.48964868, 15.75694254, 15.98504148, 16.1746608, 16.32654792, 16.44148184, 16.52027251, 16.56376024, 16.572815, 16.54833577, 16.49124987, 16.40251216, 16.28310435, 16.13403419, 15.9563347, 15.75106331, 15.51930107, 15.26215173, 14.98074092, 14.67621518, 14.97101686, 15.24355056, 15.4783051, 15.67593145, 15.83711233, 15.9625616, 16.05302378, 16.10927349, 16.13211481, 16.12238069, 16.08093232, 16.00865843, 15.90647463, 15.77532266, 15.61616966, 15.43000743, 15.21785162, 14.98074092, 14.71973626, 14.43591993, 14.43456075, 14.7114301, 14.95201316, 15.15689641, 15.32669746, 15.46206464, 15.5636765, 15.63224128, 15.66849641, 15.67320795, 15.64716998, 15.591204, 15.50615832, 15.39290736, 15.25235101, 15.08541388, 14.89304464, 14.67621518, 14.43591993, 14.17317502};


// // pre-21Feb23
// const double gprMeansNonCTagData[20] =
//   {4361.00063248, 4297.85375644, 4235.78104392, 4174.76889618, 4114.80334743, 4055.8700915, 3997.95450847, 3941.04169137, 3885.11647291, 3830.16345209, 3776.16702075, 3723.11139006, 3670.98061678, 3619.75862941, 3569.42925412, 3519.97624035, 3471.38328632, 3423.63406401, 3376.71224399, 3330.60151976};
// const double gprCovsNonCTagData[20*20] =
//   {267.47600425, 266.04876043, 263.87240196, 260.98785206, 257.43611977, 253.25823593, 248.49518865, 243.18785928, 237.37695843, 231.10296248, 224.40605019, 217.32604005, 209.90232829, 202.17382731, 194.17890494, 185.95532487, 177.54018741, 168.9698719, 160.27997972, 151.50527892, 266.04876043, 265.07779128, 263.35497852, 260.91898964, 257.8086889, 254.06307475, 249.72121663, 244.82219266, 239.40502595, 233.50862254, 227.17170834, 220.43276728, 213.32997933, 205.90115907, 198.1836953, 190.21449047, 182.02990185, 173.66568265, 165.15692484, 156.53800237, 263.87240193, 263.35497853, 262.0862795, 260.10255216, 257.44034954, 254.13646921, 250.22789271, 245.75172379, 240.74512688, 235.24526588, 229.28924217, 222.91403355, 216.15643303, 209.0529878, 201.639939, 193.95316156, 186.02810484, 177.89973404, 169.60247201, 161.17014218, 260.98785203, 260.91898965, 260.1025522, 258.57222723, 256.36211397, 253.50666439, 250.04062463, 245.99897502, 241.41687052, 236.32958094, 230.77243004, 224.78073594, 218.38975099, 211.63460106, 204.55022629, 197.17132132, 189.53227613, 181.66711745, 173.60945062, 165.39240201, 257.43611973, 257.80868892, 257.44034954, 256.36211394, 254.60550853, 252.20251719, 249.18552518, 245.58726141, 241.44074063, 236.77920574, 231.63606856, 226.0448515, 220.03912882, 213.65246705, 206.91836692, 199.87020382, 192.54116958, 184.96421423, 177.171988, 169.19678378, 253.25823592, 254.06307472, 254.1364692, 253.50666438, 252.20251719, 250.25344305, 247.68936193, 244.54064347, 240.83805153, 236.61268802, 231.89593636, 226.71940435, 221.11486732, 215.11421018, 208.74936979, 202.05227743, 195.05480092, 187.78868722, 180.28550476, 172.57658671, 248.49518863, 249.72121664, 250.22789272, 250.0406246, 249.18552523, 247.68936191, 245.57950589, 242.88387943, 239.6309036, 235.84944385, 231.56875612, 226.81843187, 221.62834267, 216.02858423, 210.04942028, 203.72122628, 197.07443299, 190.13946961, 182.94670755, 175.5264037, 243.18785923, 244.82219263, 245.75172377, 245.998975, 245.58726141, 244.54064352, 242.88387945, 240.6423758, 237.84213687, 234.50971449, 230.67215547, 226.35694897, 221.59197399, 216.40544451, 210.8258558, 204.88192957, 198.60255878, 192.01675237, 185.15357999, 178.04211638, 237.37695849, 239.40502593, 240.74512692, 241.41687056, 241.44074069, 240.8380516, 239.6309036, 237.8421369, 235.49528436, 232.61452327, 229.22462622, 225.35091107, 221.01918996, 216.25571783, 211.08714003, 205.54043945, 199.64288338, 193.42196949, 186.90537215, 180.12088778, 231.10296249, 233.50862254, 235.2452659, 236.32958089, 236.77920576, 236.61268805, 235.8494438, 234.50971452, 232.61452323, 230.18562944, 227.24548262, 223.81717516, 219.92439394, 215.59137134, 210.84283489, 205.70395708, 200.20030351, 194.35778157, 188.20258725, 181.76115328, 224.40605017, 227.1717083, 229.28924215, 230.77242996, 231.63606856, 231.89593631, 231.56875604, 230.67215543, 229.22462618, 227.24548262, 224.75481797, 221.77346035, 218.3229273, 214.42537897, 210.10357111, 205.38080636, 200.28088542, 194.82805699, 189.04696736, 182.96260942, 217.32604003, 220.43276733, 222.91403351, 224.780736, 226.04485157, 226.71940435, 226.8184319, 226.35694901, 225.35091107, 223.81717519, 221.77346039, 219.23830645, 216.23103133, 212.77168747, 208.88101723, 204.58040709, 199.89184088, 194.83785235, 189.44147658, 183.72620114, 209.90232829, 213.32997932, 216.15643303, 218.389751, 220.03912882, 221.11486735, 221.62834269, 221.591974, 221.01918995, 219.92439398, 218.3229273, 216.2310313, 213.66580806, 210.64517975, 207.18784689, 203.31324524, 199.0415018, 194.39338988, 189.39028267, 184.05410687, 202.17382727, 205.90115906, 209.05298779, 211.63460106, 213.65246709, 215.11421021, 216.02858423, 216.4054445, 216.25571783, 215.59137135, 214.42537902, 212.77168745, 210.64517971, 208.06163804, 205.03770476, 201.59084242, 197.7392928, 193.50203387, 188.89873699, 183.94972195, 194.17890495, 198.1836953, 201.63993901, 204.55022627, 206.91836697, 208.74936981, 210.0494203, 210.82585581, 211.08714, 210.84283494, 210.10357111, 208.88101722, 207.18784691, 205.03770472, 202.4451709, 199.4257239, 195.9957023, 192.17226549, 187.97335254, 183.41764029, 185.95532486, 190.21449051, 193.95316158, 197.17132129, 199.87020382, 202.05227745, 203.72122624, 204.88192954, 205.54043947, 205.70395706, 205.3808064, 204.58040709, 203.31324524, 201.59084245, 199.42572389, 196.83138416, 193.82225236, 190.41365537, 186.62178002, 182.46363396, 177.54018739, 182.02990185, 186.02810491, 189.53227613, 192.54116961, 195.05480095, 197.07443296, 198.60255878, 199.64288337, 200.20030351, 200.28088544, 199.89184089, 199.04150178, 197.73929278, 195.99570231, 193.82225234, 191.23146613, 188.23683492, 184.85278296, 181.09463146, 168.96987191, 173.66568267, 177.89973408, 181.66711743, 184.96421426, 187.7886872, 190.13946962, 192.01675241, 193.42196949, 194.35778155, 194.828057, 194.83785231, 194.39338982, 193.50203389, 192.17226549, 190.41365539, 188.23683488, 185.65346628, 182.67621041, 179.31869389, 160.27997968, 165.15692485, 169.60247199, 173.60945056, 177.17198802, 180.28550477, 182.94670752, 185.15358006, 186.90537212, 188.20258731, 189.04696742, 189.44147654, 189.39028261, 188.89873699, 187.97335249, 186.62178002, 184.85278299, 182.67621037, 180.10296843, 177.14499011, 151.50527894, 156.53800231, 161.17014217, 165.392402, 169.19678384, 172.5765867, 175.52640372, 178.04211636, 180.12088781, 181.76115331, 182.96260943, 183.72620111, 184.05410688, 183.94972198, 183.41764026, 182.46363395, 181.09463142, 179.31869387, 177.14499011, 174.58376927};
// const double gprMeansCTagData[20] =
//   {475.87932245, 469.1068448, 462.42032786, 455.82017255, 449.30673162, 442.88030994, 436.54116483, 430.28950645, 424.12549816, 418.04925698, 412.06085401, 406.16031494, 400.34762054, 394.62270725, 388.98546766, 383.4357512, 377.97336471, 372.59807307, 367.30959994, 362.10762837};
// const double gprCovsCTagData[20*20] =
//   {22.20736549, 22.24571624, 22.23409107, 22.17413126, 22.06750171, 21.91588956, 21.72100287, 21.48456919, 21.20833417, 20.89406018, 20.54352484, 20.15851964, 19.74084847, 19.29232622, 18.81477731, 18.31003425, 17.77993619, 17.22632749, 16.65105624, 16.05597284, 22.24571624, 22.30725095, 22.31782669, 22.27907207, 22.19264081, 22.06021041, 21.88348081, 21.66417298, 21.40402754, 21.10480335, 20.76827615, 20.39623704, 19.99049115, 19.55285613, 19.08516075, 18.58924343, 18.06695077, 17.52013616, 16.95065825, 16.36037954, 22.23409107, 22.31782669, 22.34982453, 22.33169409, 22.26507141, 22.15161774, 21.99301817, 21.79098033, 21.54723294, 21.26352449, 20.94162177, 20.58330851, 20.19038396, 19.7646614, 19.30796676, 18.82213716, 18.30901944, 17.77046874, 17.20834699, 16.62452154, 22.17413126, 22.27907207, 22.33169409, 22.33358172, 22.28634717, 22.19162922, 22.05109184, 21.86642289, 21.63933274, 21.37155292, 21.06483472, 20.72094777, 20.3416787, 19.92882964, 19.48421685, 19.00966926, 18.50702703, 17.9781401, 17.42486675, 16.84907213, 22.06750171, 22.19264081, 22.26507141, 22.28634717, 22.25805078, 22.18179268, 22.05920983, 21.8919643, 21.68174202, 21.43025137, 21.13922188, 20.81040279, 20.44556169, 20.04648314, 19.61496722, 19.15282812, 18.66189271, 18.14399914, 17.60099533, 17.0347376, 21.91588956, 22.06021041, 22.15161774, 22.19162922, 22.18179268, 22.12368485, 22.01891006, 21.86909902, 21.67590745, 21.44101482, 21.16612299, 20.85295482, 20.50325288, 20.11877801, 19.70130796, 19.25263597, 18.77456937, 18.26892816, 17.7375436, 17.18225673, 21.72100287, 21.88348081, 21.99301817, 22.05109184, 22.05920983, 22.01891006, 21.93175915, 21.79935112, 21.6233062, 21.40526947, 21.14690957, 20.84991743, 20.51600487, 20.14690327, 19.74436222, 19.31014813, 18.84604284, 18.35384223, 17.8353548, 17.29240028, 21.48456919, 21.66417298, 21.79098033, 21.86642289, 21.8919643, 21.86909902, 21.79935112, 21.68427313, 21.52544473, 21.32447155, 21.08298389, 20.80263544, 20.48510196, 20.13207995, 19.74528537, 19.32645221, 18.87733123, 18.39968848, 17.89530401, 17.36597043, 21.20833417, 21.40402754, 21.54723294, 21.63933274, 21.68174201, 21.67590745, 21.6233062, 21.52544473, 21.38385759, 21.20010625, 20.97577783, 20.7124839, 20.41185915, 20.07556016, 19.70526407, 19.30266728, 18.8694841, 18.40744546, 17.91829749, 17.40380022, 20.89406018, 21.10480335, 21.26352449, 21.37155292, 21.43025137, 21.44101482, 21.40526947, 21.32447155, 21.20010624, 21.03368649, 20.82675179, 20.58086701, 20.29762116, 19.97862613, 19.62551545, 19.239943, 18.82358173, 18.37812235, 17.90527199, 17.40675291, 20.54352484, 20.76827615, 20.94162177, 21.06483472, 21.13922188, 21.16612299, 21.14690957, 21.08298389, 20.97577783, 20.82675179, 20.63739354, 20.40921705, 20.14376133, 19.8425892, 19.50728609, 19.13945881, 18.74073427, 18.31275824, 17.85719407, 17.37572137, 20.15851964, 20.39623704, 20.58330852, 20.72094777, 20.81040279, 20.85295482, 20.84991743, 20.80263544, 20.7124839, 20.58086702, 20.40921705, 20.19899324, 19.9516806, 19.66878884, 19.35185113, 19.00242296, 18.6220809, 18.21242136, 17.7750594, 17.31162743, 19.74084847, 19.99049115, 20.19038396, 20.3416787, 20.44556169, 20.50325288, 20.51600487, 20.48510196, 20.41185915, 20.29762116, 20.14376133, 19.9516806, 19.72280641, 19.45859159, 19.16051327, 18.83007167, 18.468789, 18.07820825, 17.659892, 17.21542121, 19.29232622, 19.55285613, 19.7646614, 19.92882964, 20.04648315, 20.11877801, 20.14690327, 20.13207995, 20.07556016, 19.97862613, 19.8425892, 19.66878884, 19.45859159, 19.21339005, 18.93460175, 18.6236681, 18.28205324, 17.91124296, 17.51274348, 17.08808037, 18.81477731, 19.08516075, 19.30796676, 19.48421685, 19.61496722, 19.70130796, 19.74436222, 19.74528537, 19.70526407, 19.62551545, 19.50728609, 19.35185113, 19.16051327, 18.93460175, 18.67547138, 18.38450145, 18.06309468, 17.71267617, 17.33469226, 16.93060944, 18.31003425, 18.58924342, 18.82213716, 19.00966926, 19.15282812, 19.25263597, 19.31014813, 19.32645221, 19.30266728, 19.239943, 19.13945881, 19.00242296, 18.83007167, 18.6236681, 18.38450145, 18.11388595, 17.81315984, 17.48368437, 17.12684274, 16.74403904, 17.77993619, 18.06695077, 18.30901944, 18.50702703, 18.66189271, 18.77456937, 18.84604284, 18.87733123, 18.8694841, 18.82358173, 18.74073427, 18.6220809, 18.468789, 18.28205324, 18.06309468, 17.81315984, 17.53351972, 17.2254689, 16.89032448, 16.52942509, 17.22632749, 17.52013616, 17.77046873, 17.9781401, 18.14399914, 18.26892816, 18.35384223, 18.39968848, 18.40744546, 18.37812235, 18.31275824, 18.21242136, 18.07820825, 17.91124296, 17.71267617, 17.48368437, 17.2254689, 16.9392551, 16.62629134, 16.28784806, 16.65105624, 16.95065825, 17.20834699, 17.42486675, 17.60099533, 17.7375436, 17.8353548, 17.89530401, 17.91829749, 17.90527199, 17.85719407, 17.7750594, 17.659892, 17.51274348, 17.33469226, 17.12684274, 16.89032448, 16.62629134, 16.33592061, 16.02041212, 16.05597284, 16.36037954, 16.62452154, 16.84907213, 17.0347376, 17.18225673, 17.29240028, 17.36597043, 17.40380022, 17.40675291, 17.37572137, 17.31162743, 17.21542121, 17.08808037, 16.93060944, 16.74403904, 16.52942509, 16.28784806, 16.02041212, 15.72824431};

//FullSim ----------------------------------------------------------------------------------------------------------------------------------------------------------------------------------------------------------------------------------------------------------------
const double gprMeansNonCTagMC[20] =
  {4103.64594072, 4048.28340991, 3993.76371785, 3940.07996518, 3887.22480178, 3835.19044705, 3783.96871046, 3733.55101232, 3683.92840479, 3635.09159314, 3587.03095706, 3539.73657224, 3493.19823193, 3447.40546865, 3402.34757595, 3358.01363008, 3314.39251182, 3271.47292807, 3229.24343352, 3187.69245211};
const double gprCovsNonCTagMC[20*20] =
  {246.56344237, 245.46292097, 243.68154805, 241.25508684, 238.21941877, 234.61048735, 230.46424155, 225.81657946, 220.70329243, 215.16000915, 209.22214, 202.92482229, 196.30286573, 189.39069823, 182.222313, 174.83121596, 167.2503742, 159.51216502, 151.64832647, 143.68990859, 245.46292093, 244.76811804, 243.38971308, 241.3615503, 238.71768072, 235.49230826, 231.71973473, 227.43430461, 222.67035088, 217.46213995, 211.84381727, 205.84935327, 199.51248935, 192.86668458, 185.94506283, 178.78036055, 171.40487514, 163.85041408, 156.14824497, 148.32904655, 243.68154802, 243.38971316, 242.4144779, 240.787621, 238.54121556, 235.70757662, 232.31920846, 228.40875125, 224.008928, 219.15249136, 213.87217031, 208.20061732, 202.17035522, 195.81372494, 189.16283294, 182.24949968, 175.10520829, 167.76105394, 160.24769377, 152.59529766, 241.2550868, 241.36155028, 240.78762099, 239.5628872, 237.71731664, 235.28120647, 232.28513247, 228.75989787, 224.73648234, 220.24599022, 215.31959893, 209.9885075, 204.28388475, 198.23681792, 191.87826123, 185.23898504, 178.34952515, 171.24013248, 163.94072341, 156.48083068, 238.21941879, 238.71768072, 238.54121554, 237.71731667, 236.27373926, 234.23865262, 231.64059194, 228.50840937, 224.87122487, 220.75837687, 216.19937212, 211.2238361, 205.86146256, 200.14196354, 194.09501917, 187.75022785, 181.13705628, 174.28478998, 167.22248411, 159.97891475, 234.61048737, 235.49230832, 235.70757663, 235.28120649, 234.23865265, 232.60586557, 230.40924594, 227.67559804, 224.43208329, 220.70617275, 216.52559912, 211.91830917, 206.91241491, 201.53614536, 195.81779752, 189.78568796, 183.46810403, 176.89325527, 170.08922496, 163.08392208, 230.46424153, 231.71973474, 232.31920846, 232.28513246, 231.64059196, 230.40924591, 228.61528424, 226.28338411, 223.43866563, 220.10664714, 216.31319947, 212.0845001, 207.44698688, 202.42731098, 197.05229016, 191.34886134, 185.34403356, 179.06484018, 172.53829182, 165.79132899, 225.81657947, 227.43430464, 228.40875126, 228.75989792, 228.50840936, 227.67559802, 226.2833841, 224.35425461, 221.91122219, 218.9777826, 215.57787161, 211.7358217, 207.47631738, 202.82435084, 197.80517659, 192.44426613, 186.76726213, 180.79993226, 174.56812344, 168.09771525, 220.70329246, 222.67035091, 224.00892799, 224.73648235, 224.87122488, 224.43208332, 223.43866561, 221.9112222, 219.87060726, 217.33823932, 214.33606082, 210.88649691, 207.01241375, 202.7370758, 198.08410293, 193.07742674, 187.74124678, 182.09998581, 176.17824556, 170.00076153, 215.16000913, 217.46213996, 219.15249132, 220.24599022, 220.75837685, 220.70617269, 220.10664711, 218.9777826, 217.33823933, 215.2073186, 212.60492511, 209.55152857, 206.06812433, 202.17619329, 197.89766112, 193.25485677, 188.27047055, 182.96751135, 177.36926392, 171.49924542, 209.22213999, 211.84381731, 213.87217029, 215.31959892, 216.19937214, 216.52559909, 216.31319944, 215.57787164, 214.33606081, 212.60492513, 210.40230098, 207.74666755, 204.65710999, 201.1532819, 197.25536711, 192.98404016, 188.36042684, 183.4060633, 178.1428551, 172.5930356, 202.92482233, 205.84935331, 208.2006173, 209.98850753, 211.22383611, 211.91830915, 212.0845001, 211.73582168, 210.88649691, 209.55152859, 207.74666755, 205.4883802, 202.79381445, 199.68076496, 196.16763724, 192.27341096, 188.01760251, 183.42022625, 178.50175582, 173.28308424, 196.30286572, 199.51248937, 202.17035523, 204.28388476, 205.86146259, 206.91241491, 207.44698688, 207.47631736, 207.01241375, 206.06812432, 204.65711, 202.79381444, 200.4934334, 197.77188236, 194.64576349, 191.13233168, 187.24945915, 183.01559954, 178.44975088, 173.57141805, 189.3906982, 192.8666846, 195.81372494, 198.23681792, 200.14196354, 201.53614535, 202.42731098, 202.82435084, 202.73707575, 202.17619328, 201.1532819, 199.68076494, 197.77188234, 195.44066155, 192.70188731, 189.57107001, 186.06441327, 182.19878027, 177.99165904, 173.46112726, 182.22231298, 185.94506286, 189.16283295, 191.87826123, 194.09501915, 195.81779749, 197.05229011, 197.80517658, 198.0841029, 197.8976611, 197.25536709, 196.16763721, 194.64576348, 192.70188731, 190.34897205, 187.60077442, 184.47181454, 180.97734479, 177.13331788, 172.95635343, 174.83121597, 178.78036059, 182.2494997, 185.23898508, 187.75022786, 189.78568794, 191.34886136, 192.44426614, 193.07742674, 193.25485678, 192.98404017, 192.27341098, 191.13233168, 189.57107002, 187.60077443, 185.23344834, 182.48192296, 179.35982888, 175.88156642, 172.06227517, 167.25037419, 171.40487516, 175.10520831, 178.34952515, 181.13705629, 183.46810402, 185.34403353, 186.76726213, 187.74124676, 188.27047058, 188.36042683, 188.01760249, 187.24945917, 186.06441329, 184.47181456, 182.48192297, 180.10588467, 177.35570606, 174.24422701, 170.78509278, 159.51216501, 163.85041409, 167.76105394, 171.24013251, 174.28478997, 176.89325525, 179.06484017, 180.79993228, 182.0999858, 182.96751136, 183.40606331, 183.42022623, 183.01559952, 182.1987803, 180.97734484, 179.35982884, 177.35570605, 174.97536495, 172.23008501, 169.13201102, 151.64832647, 156.14824501, 160.24769374, 163.94072343, 167.22248414, 170.08922492, 172.53829184, 174.56812342, 176.17824554, 177.36926394, 178.14285508, 178.50175583, 178.44975088, 177.99165908, 177.13331787, 175.88156642, 174.24422702, 172.23008502, 169.84886751, 167.11122043, 143.6899086, 148.32904659, 152.59529765, 156.4808307, 159.97891476, 163.08392208, 165.791329, 168.09771525, 170.0007615, 171.49924544, 172.59303558, 173.28308424, 173.57141805, 173.46112729, 172.95635343, 172.06227512, 170.78509275, 169.13201099, 167.1112204, 164.73187722};
const double gprMeansCTagMC[20] =
  {459.81826711, 453.58203635, 447.43930005, 441.38978995, 435.43317082, 429.56904171, 423.79693723, 418.11632896, 412.52662682, 407.02718054, 401.61728118, 396.29616269, 391.06300349, 385.91692812, 380.85700894, 375.88226784, 370.99167799, 366.18416566, 361.45861202, 356.81385498};
const double gprCovsCTagMC[20*20] =
